0 9,000
0 7,500
3,900 9,000
9,000 –
9,000 –
9,000 –
3,900 9,000
9,000 –
9,000 –
9,000 –
9,000 –
9,000 –
9,000 –
9,000 –
9,000 –
9,000 –
9,000 –
9,000 –
9,000 –
9,000 –
12,444 –
6,750-9,000 –
9,000 –
9,000 –
3,900 9,000
3,900 9,000
9,000 –
9,000 –
5,500-9,000 –
9,000 –
9,000 –
9,000 –
9,000 –
9,000 –
9,000 –
9,000 –
0 *9,000
9,000 –
9,000 –
9,000 –
9,000 –
0 9,000
0 *9,000
9,000 –
9,000 –
9,000 –
0 *9,000
0 7,000
0 9,000
9,000 –
9,000 –
3,900 9,000
9,000 –
9,000 –
9,000 –
0 9,000
9,000 –
0 8,000
9,000 –
9,000 –
9,000 –
9,000 –
9,000 –
9,000 –
9,000 –
9,000 –
9,000 –
9,000 –
9,000 –
9,000 –
9,000 –
9,000 –
9,000 –
9,000 –
6,500-9,000 –
9,000 –
9,000 –
9,000 –
9,000 –
9,000 –
9,000 –
9,000 –
9,000 –
9,000 –
9,000 –
9,000 –
9,000 –
9,000 –
9,000 –
9,000 –
9,000 –
9,000 –
0 7,000
9,000 –
3,925 9,000
9,000 –
0 6,750
9,000 –
9,000 –
9,000 –
9,000 –
9,000 –
9,000 9,000
– 9,000
– 9,000
– 9,000
– 9,000
– 9,000
– 9,000
– 3,900
9,000 9,000
– 9,000
– 0
9,000 9,000
– 9,000
– 9,000
– 9,000
– 0
6,750 0
*9,000 8,750-9,000
– 9,000
– 9,000
– 3,900
9,000 9,000
– 3,900
9,000 3,925
6,000 9,000
– 9,000
– 9,000
– 9,000
– 9,000
– 9,000
– 9,000
– 0
7,400 9,000
– 9,000
– 9,000
– 9,000
– 9,000
